4294967294,5
4294967294,0
4294967278,132
4294967278,130
4294967278,256
4294967278,129
4294967278,128
4294967278,127
4294967278,255
4294967278,126
4294967278,125
4294967278,124
4294967278,123
4294967278,122
4294967278,251
4294967278,121
4294967278,120
4294967278,119
4294967278,118
4294967278,117
4294967278,241
4294967278,116
4294967278,239
4294967278,115
4294967278,114
4294967278,113
4294967278,235
4294967278,112
4294967278,233
4294967278,111
4294967278,231
4294967278,110
4294967278,229
4294967278,109
4294967278,227
4294967278,108
4294967278,225
4294967278,107
4294967278,223
4294967278,106
4294967278,221
4294967278,105
4294967278,104
4294967278,103
4294967278,102
4294967278,101
4294967278,100
4294967278,99
4294967278,98
4294967278,97
4294967278,96
4294967278,95
4294967278,94
4294967278,93
4294967278,92
4294967278,91
4294967278,90
4294967278,89
4294967278,87
4294967278,86
4294967278,85
4294967278,84
4294967278,83
4294967278,82
4294967278,81
4294967278,80
4294967278,79
4294967278,78
4294967278,77
4294967278,76
4294967278,75
4294967278,74
4294967278,73
4294967278,72
4294967278,71
4294967278,70
4294967278,69
4294967278,68
4294967278,67
4294967278,66
4294967278,65
4294967278,64
4294967278,63
4294967278,62
4294967278,61
4294967278,60
4294967278,59
4294967278,58
4294967278,57
4294967278,56
4294967278,55
4294967278,54
4294967278,53
4294967278,52
4294967278,51
4294967278,50
4294967278,49
4294967278,48
4294967278,47
4294967278,46
4294967278,45
4294967278,44
4294967278,43
4294967278,42
4294967278,41
4294967278,40
4294967278,39
4294967278,38
4294967279,30
4294967279,14
4294967279,13
4294967279,11
4294967279,10
4294967279,9
4294967279,8
4294967279,6
4294967279,5
4294967279,4
4294967279,7
4294967279,284
4294967294,22
4294967294,17
4294967294,41
4294967294,1417
4294967294,470
4294967279,259
4294967294,7
4294967294,6
4294967294,94
4294967294,93
4294967294,96
4294967294,95
4294967279,258
37,4
37,3
37,2
37,1
4294967278,563
4294967278,0
4294967278,131
4294967294,9
4294967294,8
0,7
4294967294,45
4294967294,44
4294967294,53
4294967294,51
4294967294,955
4294967294,29
4294967294,414
4294967294,28
4294967294,924
4294967294,27
4294967294,26
4294967294,473
4294967294,25
4294967294,91
4294967294,88
4294967294,85
4294967294,970
4294967294,83
4294967294,11
4294967294,81
0,5
4294967294,69
4294967294,67
4294967294,68
4294967278,562
4294967279,365
4294967279,364
4294967278,561
4294967279,363
4294967278,560
4294967294,1420
4294967279,362
35,4
35,3
35,2
35,1
4294967294,429
34,28
34,27
34,26
34,25
34,24
34,23
34,22
34,17
34,21
34,20
34,19
34,18
34,16
34,5
34,15
34,14
34,13
34,12
34,11
34,10
34,9
34,8
34,7
34,6
34,4
34,3
34,2
34,1
33,28
33,27
33,26
33,25
33,24
33,23
33,22
33,17
33,21
33,20
33,19
33,18
33,16
33,5
33,15
33,14
33,13
33,12
33,11
33,10
33,9
33,8
33,7
33,6
33,4
33,3
33,2
33,1
4294967279,361
4294967278,559
32,28
32,27
32,26
32,25
32,24
32,23
32,22
32,17
32,21
32,20
32,19
32,18
32,16
32,5
32,15
32,14
32,13
32,12
32,11
32,10
32,9
32,8
32,7
32,6
32,4
32,3
32,2
32,1
4294967278,558
4294967279,360
31,6
4294967279,359
4294967278,557
31,5
31,4
31,3
31,2
31,1
4294967279,358
4294967278,556
4294967279,357
30,5
30,4
30,3
30,2
30,1
4294967278,555
29,4
29,3
29,2
29,1
4294967279,356
28,5
28,4
28,3
28,2
28,1
4294967279,355
4294967278,554
4294967279,354
4294967279,353
27,6
4294967279,352
4294967278,553
27,5
27,4
27,3
27,2
27,1
4294967279,351
4294967294,1424
4294967278,552
4294967279,350
26,5
26,4
26,3
26,2
26,1
4294967278,551
4294967294,1423
25,4
25,3
25,2
25,1
4294967279,349
4294967294,416
24,5
24,4
24,3
24,2
24,1
4294967279,348
4294967279,347
4294967279,346
4294967278,550
23,6
4294967278,549
23,5
23,4
23,3
23,2
23,1
4294967279,345
4294967294,1422
22,5
22,4
22,3
22,2
22,1
21,4
21,3
21,2
21,1
4294967279,344
4294967278,548
4294967279,343
20,5
20,4
20,3
20,2
20,1
4294967278,547
4294967279,342
4294967278,546
4294967279,341
19,25
19,24
19,23
19,22
19,17
19,21
19,20
19,19
19,18
19,16
19,5
19,15
19,14
19,13
19,12
19,11
19,10
19,9
